人民币: 余额:281.41  可用:356.09  可取:281.41  参考市值:294819.00  资产:295175.09  参考盈亏:-9439.89 
-------------------------------------------------------------------------------------------------------

证券代码        证券名称        证券数量        可卖数量        成本价(仅供参考)        当前价          最新市值         浮动盈亏(仅供参考)        盈亏比例(%)        股东代码          回报买入数量        回报卖出数量        证券集中度        担保折算率        
603122          合富中国        200.00          200.00          20.3341                 23.8000         4760.00          692.77                    17.045             A188555432        0.00                0.00                0.00                                
603516          淳中科技        100.00          100.00          197.7668                202.2000        20220.00         443.05                    2.242              A188555432        0.00                100.00              0.00                                
688353          华盛锂电        200.00          0.00            125.3172                113.0000        22600.00         -2461.98                  -9.829             A188555432        200.00              200.00              0.00                                
888880          新标准券        0.00            0.00            0.0000                  100.0000        0.00             0.00                      0.000              A188555432        0.00                0.00                0.00                                
002083          孚日股份        200.00          0.00            13.6297                 12.4600         2492.00          -233.82                   -8.582             0260714738        200.00              0.00                0.00                                
002759          天际股份        1100.00         500.00          43.7719                 42.4500         46695.00         -1453.20                  -3.020             0260714738        600.00              0.00                0.00                                
131990          标准券          1190.00         0.00            0.0000                  100.0000        119000.00        0.00                      0.000              0260714738        1190.00             0.00                0.00                                
300274          阳光电源        0.00            0.00            194.1000                175.0200        0.00             -1397.47                  -9.830             0260714738        0.00                100.00              0.00                                
300300          海峡创新        600.00          600.00          16.5615                 18.2400         10944.00         1006.54                   10.135             0260714738        0.00                0.00                0.00                                
300475          香农芯创        100.00          100.00          183.7572                160.9000        16090.00         -2284.37                  -12.439            0260714738        0.00                100.00              0.00                                
300681          英搏尔          400.00          400.00          29.7286                 28.5500         11420.00         -471.15                   -3.965             0260714738        0.00                0.00                0.00                                
300907          康平科技        1200.00         1200.00         34.0986                 31.7900         38148.00         -2768.73                  -6.770             0260714738        0.00                100.00              0.00                                
300997          欢乐家          100.00          100.00          29.6181                 24.5000         2450.00          -511.53                   -17.280            0260714738        0.00                100.00              0.00                                
